






































759656240
759656240
759656240
759656240
759656240
759656240
759656240
759656240
763755523
759656240
755794343
758141776
757181149
755711736
754617590
753755663
753390886
753359940
751335449
750030777
746431642
746265598
740745087
739337048
738635584
738336819
738295354
734306540
763755523
758141776
755711736
755794343
759656240
757181149
738336819
753359940
734306540
754617590
746265598
753755663
740745087
738635584
746431642
750030777
753390886
738295354
739337048
751335449
865743748
865743710
865743793
865743676
865743575
865743619
865743539
865743512
865743479
865743453
865743426
865743409
865743386
865743356
865743336
865743287
865743270
865743234
865743210
865736790
